receptor = 4o33.pdbqt
exhaustiveness  = 8
center_x = 2.11879393896
center_y = 7.52604997375
center_z = 18.4798674525
size_x = 78.4666241496
size_y = 44.1987000525
size_z = 67.1362656067